version = 'MMult0';
MY_MMult = [
40 3.657143e+00 0.000000e+00 
80 3.324675e+00 0.000000e+00 
120 2.974182e+00 0.000000e+00 
160 2.533086e+00 0.000000e+00 
200 2.747253e+00 0.000000e+00 
240 2.695000e+00 0.000000e+00 
280 2.718009e+00 0.000000e+00 
320 2.677015e+00 0.000000e+00 
360 2.648727e+00 0.000000e+00 
400 2.625803e+00 0.000000e+00 
440 2.579887e+00 0.000000e+00 
480 2.482731e+00 0.000000e+00 
520 2.476256e+00 0.000000e+00 
560 2.358861e+00 0.000000e+00 
600 2.235724e+00 0.000000e+00 
640 1.983858e+00 0.000000e+00 
680 1.964586e+00 0.000000e+00 
720 1.916294e+00 0.000000e+00 
760 1.939184e+00 0.000000e+00 
800 1.910512e+00 0.000000e+00 
];
