version = 'MMult_4x4_15';
MY_MMult = [
40 9.142857e+00 2.664535e-15 
80 1.034343e+01 7.105427e-15 
120 1.100637e+01 1.065814e-14 
160 1.090812e+01 1.421085e-14 
200 1.113431e+01 2.131628e-14 
240 1.120259e+01 2.486900e-14 
280 1.086195e+01 2.842171e-14 
320 1.097572e+01 3.552714e-14 
360 1.042243e+01 4.973799e-14 
400 1.092337e+01 4.973799e-14 
440 1.086600e+01 4.973799e-14 
480 1.121395e+01 6.039613e-14 
520 1.101771e+01 6.394885e-14 
560 1.125203e+01 6.750156e-14 
600 1.139391e+01 7.460699e-14 
640 1.140724e+01 8.171241e-14 
680 1.134417e+01 9.237056e-14 
720 1.141623e+01 1.101341e-13 
760 1.137995e+01 1.065814e-13 
800 1.136666e+01 8.881784e-14 
];
