version = 'MMult_4x4_14';
MY_MMult = [
40 8.533333e+00 2.664535e-15 
80 9.570093e+00 7.105427e-15 
120 1.097143e+01 1.065814e-14 
160 9.929697e+00 1.421085e-14 
200 7.210455e+00 2.131628e-14 
240 1.122989e+01 2.486900e-14 
280 1.065114e+01 2.842171e-14 
320 1.075066e+01 3.552714e-14 
360 1.064841e+01 4.973799e-14 
400 1.096360e+01 4.973799e-14 
440 1.098086e+01 4.973799e-14 
480 1.078525e+01 6.039613e-14 
520 1.055259e+01 6.394885e-14 
560 1.063534e+01 6.750156e-14 
600 1.105396e+01 7.460699e-14 
640 1.106163e+01 8.171241e-14 
680 1.103638e+01 9.237056e-14 
720 1.108581e+01 1.101341e-13 
760 1.109520e+01 1.065814e-13 
800 1.048955e+01 8.881784e-14 
];
