version = 'MMult_4x4_11';
MY_MMult = [
40 5.818182e+00 2.664535e-15 
80 1.101075e+01 7.105427e-15 
120 1.133115e+01 1.065814e-14 
160 1.111533e+01 1.421085e-14 
200 9.174312e+00 2.131628e-14 
240 1.105036e+01 2.486900e-14 
280 1.029402e+01 2.842171e-14 
320 9.703287e+00 3.552714e-14 
360 1.087933e+01 4.973799e-14 
400 1.084746e+01 4.973799e-14 
440 1.054323e+01 4.973799e-14 
480 1.082855e+01 6.039613e-14 
520 1.065374e+01 6.394885e-14 
560 1.072169e+01 6.750156e-14 
600 1.068117e+01 7.460699e-14 
640 1.078538e+01 8.171241e-14 
680 1.076656e+01 9.237056e-14 
720 1.088567e+01 1.101341e-13 
760 1.082528e+01 1.065814e-13 
800 1.083609e+01 8.881784e-14 
];
