version = 'MMult_1x4_5';
MY_MMult = [
40 1.882353e+00 0.000000e+00 
80 1.896296e+00 0.000000e+00 
120 1.883379e+00 0.000000e+00 
160 1.855493e+00 0.000000e+00 
200 1.832131e+00 0.000000e+00 
240 1.833543e+00 0.000000e+00 
280 1.822877e+00 0.000000e+00 
320 1.842659e+00 0.000000e+00 
360 1.789712e+00 0.000000e+00 
400 1.749040e+00 0.000000e+00 
440 1.742646e+00 0.000000e+00 
480 1.727568e+00 0.000000e+00 
520 1.840901e+00 0.000000e+00 
560 1.810838e+00 0.000000e+00 
600 1.791223e+00 0.000000e+00 
640 1.750521e+00 0.000000e+00 
680 1.685172e+00 0.000000e+00 
720 1.664324e+00 0.000000e+00 
760 2.560814e+00 0.000000e+00 
800 2.527983e+00 0.000000e+00 
];
