version = 'MMult1';
MY_MMult = [
40 2.782609e+00 0.000000e+00 
80 3.379538e+00 0.000000e+00 
120 3.069272e+00 0.000000e+00 
160 2.926760e+00 0.000000e+00 
200 2.884962e+00 0.000000e+00 
240 2.814619e+00 0.000000e+00 
280 2.748122e+00 0.000000e+00 
320 2.729643e+00 0.000000e+00 
360 2.718485e+00 0.000000e+00 
400 2.701619e+00 0.000000e+00 
440 2.707994e+00 0.000000e+00 
480 2.643907e+00 0.000000e+00 
520 2.698577e+00 0.000000e+00 
560 2.672754e+00 0.000000e+00 
600 2.627306e+00 0.000000e+00 
640 2.370049e+00 0.000000e+00 
680 2.215418e+00 0.000000e+00 
720 2.101219e+00 0.000000e+00 
760 2.042238e+00 0.000000e+00 
800 1.974745e+00 0.000000e+00 
];
