version = 'MMult_1x4_4';
MY_MMult = [
40 2.327273e+00 0.000000e+00 
80 1.984496e+00 0.000000e+00 
120 1.588235e+00 0.000000e+00 
160 1.761720e+00 0.000000e+00 
200 1.742160e+00 0.000000e+00 
240 1.716095e+00 0.000000e+00 
280 1.698545e+00 0.000000e+00 
320 1.660190e+00 0.000000e+00 
360 1.682480e+00 0.000000e+00 
400 1.656829e+00 0.000000e+00 
440 1.610436e+00 0.000000e+00 
480 1.605540e+00 0.000000e+00 
520 1.624390e+00 0.000000e+00 
560 1.544366e+00 0.000000e+00 
600 1.521245e+00 0.000000e+00 
640 1.511796e+00 0.000000e+00 
680 1.487580e+00 0.000000e+00 
720 1.508338e+00 0.000000e+00 
760 2.310023e+00 0.000000e+00 
800 2.286434e+00 0.000000e+00 
];
