version = 'MMult_4x4_5';
MY_MMult = [
40 2.782609e+00 0.000000e+00 
80 2.730667e+00 0.000000e+00 
120 2.719119e+00 0.000000e+00 
160 2.692965e+00 0.000000e+00 
200 2.665778e+00 0.000000e+00 
240 2.719921e+00 0.000000e+00 
280 2.712635e+00 0.000000e+00 
320 2.764066e+00 0.000000e+00 
360 2.664687e+00 0.000000e+00 
400 2.576904e+00 0.000000e+00 
440 2.373871e+00 0.000000e+00 
480 2.479391e+00 0.000000e+00 
520 2.797752e+00 0.000000e+00 
560 2.550704e+00 0.000000e+00 
600 2.665318e+00 0.000000e+00 
640 2.546225e+00 0.000000e+00 
680 2.354855e+00 0.000000e+00 
720 2.289296e+00 0.000000e+00 
760 2.385020e+00 0.000000e+00 
800 2.916988e+00 0.000000e+00 
];
