version = 'MMult_1x4_7';
MY_MMult = [
40 5.818182e+00 2.664535e-15 
80 5.919075e+00 7.105427e-15 
120 4.595745e+00 1.065814e-14 
160 5.224490e+00 1.421085e-14 
200 5.475702e+00 1.421085e-14 
240 5.374806e+00 1.776357e-14 
280 5.146407e+00 1.776357e-14 
320 5.284735e+00 2.842171e-14 
360 5.297604e+00 2.309264e-14 
400 4.761019e+00 2.842171e-14 
440 5.144893e+00 3.197442e-14 
480 5.108293e+00 3.907985e-14 
520 5.102535e+00 3.907985e-14 
560 5.089507e+00 4.618528e-14 
600 4.970431e+00 4.263256e-14 
640 5.071710e+00 4.440892e-14 
680 4.932499e+00 5.329071e-14 
720 4.817626e+00 4.973799e-14 
760 4.787323e+00 4.973799e-14 
800 4.560272e+00 4.973799e-14 
];
