version = 'MMult2';
MY_MMult = [
40 4.000000e+00 0.000000e+00 
80 3.324675e+00 0.000000e+00 
120 3.007833e+00 0.000000e+00 
160 2.897771e+00 0.000000e+00 
200 2.869955e+00 0.000000e+00 
240 2.835692e+00 0.000000e+00 
280 2.783138e+00 0.000000e+00 
320 2.790191e+00 0.000000e+00 
360 2.799388e+00 0.000000e+00 
400 2.775068e+00 0.000000e+00 
440 2.740137e+00 0.000000e+00 
480 2.742993e+00 0.000000e+00 
520 2.536906e+00 0.000000e+00 
560 2.461556e+00 0.000000e+00 
600 2.451286e+00 0.000000e+00 
640 2.333706e+00 0.000000e+00 
680 2.300018e+00 0.000000e+00 
720 2.320119e+00 0.000000e+00 
760 2.309798e+00 0.000000e+00 
800 2.314192e+00 0.000000e+00 
];
