version = 'MMult_4x4_9';
MY_MMult = [
40 2.612245e+00 2.664535e-15 
80 2.737968e+00 7.105427e-15 
120 2.758180e+00 1.065814e-14 
160 2.824828e+00 1.421085e-14 
200 5.039370e+00 1.421085e-14 
240 5.024169e+00 1.776357e-14 
280 4.930818e+00 1.776357e-14 
320 4.763829e+00 2.842171e-14 
360 4.778125e+00 2.309264e-14 
400 4.827820e+00 2.842171e-14 
440 4.846333e+00 3.197442e-14 
480 4.391447e+00 3.907985e-14 
520 3.236907e+00 3.907985e-14 
560 4.298519e+00 4.618528e-14 
600 3.254531e+00 4.263256e-14 
640 3.788509e+00 4.440892e-14 
680 3.384592e+00 5.329071e-14 
720 3.196588e+00 4.973799e-14 
760 3.117882e+00 4.973799e-14 
800 3.738181e+00 4.973799e-14 
];
