version = 'MMult1';
MY_MMult = [
40 3.878788e+00 0.000000e+00 
80 3.292605e+00 0.000000e+00 
120 2.921386e+00 0.000000e+00 
160 2.435196e+00 0.000000e+00 
200 2.334403e+00 0.000000e+00 
240 2.233460e+00 0.000000e+00 
280 2.648649e+00 0.000000e+00 
320 2.656614e+00 0.000000e+00 
360 2.481834e+00 0.000000e+00 
400 2.668891e+00 0.000000e+00 
440 2.647851e+00 0.000000e+00 
480 2.175359e+00 0.000000e+00 
520 2.570084e+00 0.000000e+00 
560 2.305610e+00 0.000000e+00 
600 2.019267e+00 0.000000e+00 
640 1.906308e+00 0.000000e+00 
680 1.786150e+00 0.000000e+00 
720 1.699610e+00 0.000000e+00 
760 1.742355e+00 0.000000e+00 
800 1.677281e+00 0.000000e+00 
];
