version = 'MMult_4x4_13';
MY_MMult = [
40 4.923077e+00 2.664535e-15 
80 7.641791e+00 7.105427e-15 
120 7.714286e+00 1.065814e-14 
160 7.481279e+00 1.421085e-14 
200 1.151908e+01 2.131628e-14 
240 1.130798e+01 2.486900e-14 
280 1.106731e+01 2.842171e-14 
320 1.128180e+01 3.552714e-14 
360 1.015586e+01 4.973799e-14 
400 1.129146e+01 4.973799e-14 
440 1.040669e+01 4.973799e-14 
480 1.130971e+01 6.039613e-14 
520 1.139680e+01 6.394885e-14 
560 1.138626e+01 6.750156e-14 
600 1.147654e+01 7.460699e-14 
640 1.153118e+01 8.171241e-14 
680 1.141791e+01 9.237056e-14 
720 1.154155e+01 1.101341e-13 
760 1.099887e+01 1.065814e-13 
800 1.157337e+01 8.881784e-14 
];
