version = 'MMult_4x4_8';
MY_MMult = [
40 4.740741e+00 2.664535e-15 
80 4.471616e+00 7.105427e-15 
120 4.979827e+00 1.065814e-14 
160 4.952842e+00 1.421085e-14 
200 4.752005e+00 1.421085e-14 
240 4.938025e+00 1.776357e-14 
280 4.752544e+00 1.776357e-14 
320 4.876916e+00 2.842171e-14 
360 4.912451e+00 2.309264e-14 
400 4.899334e+00 2.842171e-14 
440 4.911156e+00 3.197442e-14 
480 4.881140e+00 3.907985e-14 
520 4.593532e+00 3.907985e-14 
560 4.636604e+00 4.618528e-14 
600 4.559655e+00 4.263256e-14 
640 3.913795e+00 4.440892e-14 
680 3.420621e+00 5.329071e-14 
720 3.205249e+00 4.973799e-14 
760 3.075074e+00 4.973799e-14 
800 3.242322e+00 4.973799e-14 
];
