version = 'MMult_4x4_4';
MY_MMult = [
40 1.196262e+00 0.000000e+00 
80 9.980507e-01 0.000000e+00 
120 9.664430e-01 0.000000e+00 
160 1.729730e+00 0.000000e+00 
200 1.715818e+00 0.000000e+00 
240 1.697133e+00 0.000000e+00 
280 1.662715e+00 0.000000e+00 
320 1.653947e+00 0.000000e+00 
360 1.673998e+00 0.000000e+00 
400 1.664846e+00 0.000000e+00 
440 1.625494e+00 0.000000e+00 
480 1.617398e+00 0.000000e+00 
520 1.606352e+00 0.000000e+00 
560 1.568742e+00 0.000000e+00 
600 1.502206e+00 0.000000e+00 
640 1.482803e+00 0.000000e+00 
680 1.503481e+00 0.000000e+00 
720 2.200644e+00 0.000000e+00 
760 2.392859e+00 0.000000e+00 
800 2.317954e+00 0.000000e+00 
];
