version = 'MMult_4x4_12';
MY_MMult = [
40 6.400000e+00 2.664535e-15 
80 6.781457e+00 7.105427e-15 
120 6.658960e+00 1.065814e-14 
160 6.638574e+00 1.421085e-14 
200 6.522625e+00 2.131628e-14 
240 6.479494e+00 2.486900e-14 
280 6.481252e+00 2.842171e-14 
320 6.513865e+00 3.552714e-14 
360 6.532167e+00 4.973799e-14 
400 6.456494e+00 4.973799e-14 
440 6.530011e+00 4.973799e-14 
480 6.491093e+00 6.039613e-14 
520 6.481274e+00 6.394885e-14 
560 6.522656e+00 6.750156e-14 
600 6.583359e+00 7.460699e-14 
640 6.511034e+00 8.171241e-14 
680 6.509642e+00 9.237056e-14 
720 6.511767e+00 1.101341e-13 
760 6.475241e+00 1.065814e-13 
800 6.335262e+00 8.881784e-14 
];
