version = 'MMult_1x4_8';
MY_MMult = [
40 5.333333e+00 2.664535e-15 
80 5.919075e+00 7.105427e-15 
120 5.897611e+00 1.065814e-14 
160 5.305699e+00 1.421085e-14 
200 5.784526e+00 1.421085e-14 
240 4.965517e+00 1.776357e-14 
280 5.312039e+00 1.776357e-14 
320 5.339417e+00 2.842171e-14 
360 5.076823e+00 2.309264e-14 
400 5.064293e+00 2.842171e-14 
440 5.159540e+00 3.197442e-14 
480 5.133189e+00 3.907985e-14 
520 5.176453e+00 3.907985e-14 
560 5.119701e+00 4.618528e-14 
600 5.098548e+00 4.263256e-14 
640 5.104249e+00 4.440892e-14 
680 5.017185e+00 5.329071e-14 
720 4.855890e+00 4.973799e-14 
760 4.730064e+00 4.973799e-14 
800 5.011280e+00 4.973799e-14 
];
