version = 'MMult_1x4_3';
MY_MMult = [
40 1.066667e+00 0.000000e+00 
80 1.018905e+00 0.000000e+00 
120 8.946415e-01 0.000000e+00 
160 1.761720e+00 0.000000e+00 
200 1.749207e+00 0.000000e+00 
240 1.718228e+00 0.000000e+00 
280 1.697692e+00 0.000000e+00 
320 1.625115e+00 0.000000e+00 
360 1.682844e+00 0.000000e+00 
400 1.666233e+00 0.000000e+00 
440 1.656310e+00 0.000000e+00 
480 1.613575e+00 0.000000e+00 
520 1.632869e+00 0.000000e+00 
560 1.572324e+00 0.000000e+00 
600 1.569391e+00 0.000000e+00 
640 1.508447e+00 0.000000e+00 
680 1.494715e+00 0.000000e+00 
720 1.763478e+00 0.000000e+00 
760 2.328520e+00 0.000000e+00 
800 2.298391e+00 0.000000e+00 
];
