version = 'MMult_4x4_7';
MY_MMult = [
40 2.461538e+00 2.664535e-15 
80 2.566416e+00 7.105427e-15 
120 2.814332e+00 1.065814e-14 
160 3.026228e+00 1.421085e-14 
200 4.993758e+00 1.421085e-14 
240 5.127596e+00 1.776357e-14 
280 5.112250e+00 1.776357e-14 
320 5.034260e+00 2.842171e-14 
360 4.918147e+00 2.309264e-14 
400 5.084207e+00 2.842171e-14 
440 5.099464e+00 3.197442e-14 
480 4.388571e+00 3.907985e-14 
520 4.331198e+00 3.907985e-14 
560 3.917027e+00 4.618528e-14 
600 3.767431e+00 4.263256e-14 
640 3.954115e+00 4.440892e-14 
680 3.356609e+00 5.329071e-14 
720 3.018097e+00 4.973799e-14 
760 2.996822e+00 4.973799e-14 
800 3.145813e+00 4.973799e-14 
];
