version = 'MMult_4x4_10';
MY_MMult = [
40 5.333333e+00 2.664535e-15 
80 1.125275e+01 7.105427e-15 
120 1.129412e+01 1.065814e-14 
160 1.131492e+01 1.421085e-14 
200 1.102688e+01 1.421085e-14 
240 1.033184e+01 1.776357e-14 
280 1.023881e+01 1.776357e-14 
320 9.796114e+00 2.842171e-14 
360 9.595064e+00 2.309264e-14 
400 9.421463e+00 2.842171e-14 
440 1.008453e+01 3.197442e-14 
480 9.976725e+00 3.907985e-14 
520 9.914540e+00 3.907985e-14 
560 8.187608e+00 4.618528e-14 
600 8.430749e+00 4.263256e-14 
640 7.777715e+00 4.440892e-14 
680 5.516061e+00 5.329071e-14 
720 5.355641e+00 4.973799e-14 
760 4.403101e+00 4.973799e-14 
800 4.491327e+00 4.973799e-14 
];
