version = 'MMult_4x4_3';
MY_MMult = [
40 1.103448e+00 0.000000e+00 
80 1.954198e+00 0.000000e+00 
120 1.785124e+00 0.000000e+00 
160 1.684557e+00 0.000000e+00 
200 1.715266e+00 0.000000e+00 
240 1.692251e+00 0.000000e+00 
280 1.645762e+00 0.000000e+00 
320 1.635415e+00 0.000000e+00 
360 1.670552e+00 0.000000e+00 
400 1.659407e+00 0.000000e+00 
440 1.608672e+00 0.000000e+00 
480 1.588771e+00 0.000000e+00 
520 1.515867e+00 0.000000e+00 
560 1.534991e+00 0.000000e+00 
600 1.578492e+00 0.000000e+00 
640 1.543322e+00 0.000000e+00 
680 1.586742e+00 0.000000e+00 
720 2.383311e+00 0.000000e+00 
760 2.368522e+00 0.000000e+00 
800 2.352076e+00 0.000000e+00 
];
