version = 'MMult_1x4_6';
MY_MMult = [
40 5.565217e+00 2.664535e-15 
80 5.988304e+00 7.105427e-15 
120 5.374806e+00 1.065814e-14 
160 5.472278e+00 1.421085e-14 
200 5.685856e+00 1.421085e-14 
240 5.469436e+00 1.776357e-14 
280 5.207449e+00 1.776357e-14 
320 5.355999e+00 2.842171e-14 
360 5.052358e+00 2.309264e-14 
400 5.198181e+00 2.842171e-14 
440 5.145515e+00 3.197442e-14 
480 4.932189e+00 3.907985e-14 
520 5.093478e+00 3.907985e-14 
560 5.083688e+00 4.618528e-14 
600 4.846581e+00 4.263256e-14 
640 5.074753e+00 4.440892e-14 
680 5.015384e+00 5.329071e-14 
720 4.779869e+00 4.973799e-14 
760 4.729861e+00 4.973799e-14 
800 6.081049e+00 4.973799e-14 
];
