version = 'MMult_4x4_6';
MY_MMult = [
40 2.098361e+00 2.664535e-15 
80 4.807512e+00 7.105427e-15 
120 4.902128e+00 1.065814e-14 
160 5.019608e+00 1.421085e-14 
200 4.965860e+00 1.421085e-14 
240 5.005975e+00 1.776357e-14 
280 4.975521e+00 1.776357e-14 
320 4.826631e+00 2.842171e-14 
360 5.090949e+00 2.309264e-14 
400 5.032633e+00 2.842171e-14 
440 5.065802e+00 3.197442e-14 
480 4.494331e+00 3.907985e-14 
520 4.519922e+00 3.907985e-14 
560 4.889563e+00 4.618528e-14 
600 4.346426e+00 4.263256e-14 
640 3.308980e+00 4.440892e-14 
680 3.025770e+00 5.329071e-14 
720 3.166419e+00 4.973799e-14 
760 3.266324e+00 4.973799e-14 
800 3.757150e+00 4.973799e-14 
];
